000001111 0
000000001 0
001110001 0
011101111 0
001110001 0
000001001 0
010010001 0
001110111 0
000010100 0
010100000 0
100101011 0
000001111 0
000000010 0
010000001 0
010000001 0
011010011 0
100010011 0
000001111 0
000000011 0
010010001 0
001110111 0
000010100 0
010100000 0
100101011 0
000001111 0
000000100 0
010100001 0
000010011 0
010110001 0
000000000 0
000000000 0
000000000 0
000000000 0
000010011 0
010010001 0
010101101 0
011111011 0
011001010 0
111011110 0
000001111 0
000000101 0
010100001 0
000010011 0
010110001 0
000000000 0
000000000 0
000000000 0
000000000 0
000010011 0
010010001 0
010101101 0
011111011 0
011001010 0
111011110 0
